4321
8664
1353
3709
9939
4026
2296
7774
964
5510
4440
2142
9105
7889
6383
9311
1204
3834
7681
4468
4429
1551
9225
8123
7440
6310
2770
6834
1774
9283
5327
217
2595
1754
4173
8474
5596
2655
6021
993
7339
2682
9549
3231
9573
8748
3928
6068
4224
8421
7240
9061
4623
5202
7774
6660
296
1931
8038
4307
7156
1490
6052
9578
2321
1017
980
2042
2912
8345
492
4357
1202
7074
5370
6257
4238
9754
2830
2576
4702
7054
3781
6193
1154
4424
838
6901
67
6794
3242
7598
9062
6143
2105
9882
655
6384
4346
2210
8442
4954
6535
5060
3170
743
512
9239
4402
3537
1044
5403
4607
1046
2114
5150
6415
5734
2433
6633
500
5197
2715
534
1107
6620
6910
5460
8585
7976
7120
5344
3446
6038
7239
5273
4478
4061
3492
6308
4180
5
999
4339
8459
9559
4244
2783
3872
6918
5913
4019
4981
228
2932
9859
6401
7958
746
7073
8986
7045
6892
9989
7254
3612
2728
8567
5647
2289
7827
6940
4487
732
4990
4441
2629
1801
5084
8355
2686
7039
9991
5262
6468
1589
8845
5712
2791
2490
7403
5207
7178
9428
2954
2967
3135
9414
7436
8820
7677
4645
9613
7680
9539
5843
3086
572
7149
1723
670
898
4828
8947
7268
4772
9921
5910
2720
4601
608
7980
3327
5862
3982
1491
5763
7983
6668
8660
9886
1639
5723
5882
7623
6372
5842
3400
3526
4441
18
5216
8873
9067
4700
4290
5257
7833
7234
9580
5480
4889
2908
8256
9276
8844
1276
8575
8906
6729
6609
6307
4963
8277
5276
355
5887
8889
3688
1284
5621
4146
4009
9811
2611
3490
1257
1023
9909
5767
4667
4066
536
4765
8217
6349
4465
8553
55
5948
3562
2487
8262
5811
8690
2045
846
8597
8784
8358
1150
1581
5155
6217
5975
6872
5563
1628
2619
3418
1635
3604
2777
3734
132
2728
5778
122
3221
7280
982
2248
5463
6229
9348
387
5502
7228
7147
6388
8628
6894
576
7467
2285
149
8655
6298
382
5120
3197
4573
3840
242
8852
6173
4176
563
3292
410
4130
990
7448
5430
4358
5228
8373
6769
8022
505
2773
6331
5759
9822
7579
2593
1939
5453
4983
3715
9405
9644
3311
1424
3937
1117
1838
5015
1582
8819
7161
1651
1689
7621
1131
1217
5979
4156
5496
1470
9340
4862
6381
1920
1126
2411
2539
2968
6719
1189
4892
177
7870
7267
1305
2250
6881
3369
9777
5263
4109
4791
5238
5023
456
7869
48
4044
6499
8686
5903
9542
7782
6009
5377
4117
1378
9098
4591
1347
2303
8014
4622
4363
9628
1297
8171
6690
1191
3507
9731
1104
2695
2994
2064
4077
1700
8482
9113
508
9496
1602
5672
5835
4191
1295
7092
421
6453
5222
8119
4113
5340
2716
8528
7273
5354
3642
4663
8246
7477
7576
220
6239
6297
8143
6617
2875
2553
8052
3196
5311
5421
1396
141
8756
1698
1126
2467
6439
9662
1245
1756
663
3855
5259
3382
9425
3259
4657
924
9296
9461
3819
6153
6705
3229
633
2554
6619
7658
5301
2676
9711
3552
3377
4781
6532
8001
2878
2234
9964
282
9490
9870
5291
148
8325
5185
554
2308
5502
8596
8603
7510
7851
6255
6190
4999
4518
957
4793
3322
9879
1502
2470
6465
3269
8565
5965
138
7317
5595
7541
8639
3359
6565
1576
6195
9353
8472
1808
7927
2993
5445
1327
4653
317
3002
3864
2650
7985
5574
6792
4165
5649
7745
3297
6993
3320
9832
3697
1764
7511
1410
3543
3697
9071
2172
9264
1547
5079
8116
446
220
6960
2480
1529
5113
7062
5054
4697
5593
6339
567
58
2268
6482
6657
8799
7688
900
4662
9966
2926
248
1871
1741
3150
9884
2243
3654
3729
8579
3637
7035
4682
92
3568
7188
5330
1798
2185
2281
2946
7475
752
718
8828
4545
6229
926
2787
9610
7742
4865
2336
9954
8689
9378
6004
2828
9046
7482
1147
8811
6010
5144
5406
299
7558
7706
7484
1265
2712
4152
7378
9862
4347
6716
8307
1095
5245
7920
2673
2882
5737
7108
2151
5103
1773
3742
7668
7928
5558
5307
8481
2653
6967
3550
803
5561
2898
3918
5525
2904
3431
9616
1437
3017
8214
3445
5079
9767
3840
7761
838
82
3157
5282
5244
7140
414
1235
7544
9940
1963
395
4588
9446
810
924
1814
1283
4753
605
3695
5017
2047
66
6396
488
5603
1889
2584
2367
6556
4116
3345
5117
727
1611
4981
1894
6964
8948
9109
2571
4640
4103
2903
8034
8712
3038
2616
149
4626
1500
7553
9436
2106
1809
3586
5328
6397
9251
4979
7164
7899
4784
793
7536
6258
8215
7498
3491
3018
8733
2508
5216
7660
7765
4341
6306
5526
2457
3845
4474
2477
6800
7504
6689
424
1384
8238
8078
9858
2091
1284
9677
396
2644
2780
6132
8013
5870
6475
775
8098
3774
9641
2181
6785
7076
2693
3236
9092
735
8300
1056
1340
3174
4822
3664
7023
3388
5817
7241
9865
1961
2038
5971
5152
9102
4863
5050
579
5267
410
6223
834
7660
1748
4412
5951
8977
2530
3426
2042
3119
9162
8535
4446
6276
174
3779
7559
797
861
2263
2665
3539
8444
8444
4906
42
8022
2387
3233
774
2396
7357
2641
5958
9500
3725
6274
1041
9602
4143
6111
5738
703
7243
4837
5751
4648
9643
8255
7785
8320
9013
7113
5262
4024
4119
9585
4266
626
1296
814
6691
2397
667
3909
283
5587
9534
7537
3356
3739
4866
8936
5307
1503
1555
7490
2747
3277
8225
3335
5053
7396
7759
7419
2464
8765
5438
4365
4449
2891
3590
7092
6016
2023
8018
2675
4874
9803
8081
2186
2909
4250
9321
3369
1320
156
4748
3935
9924
1066
8520
4950
7644
7873
3646
8389
3009
5774
3548
228
579
3847
5848
635
1700
1803
5574
5815
5663
6636
4160
1823
474
7825
26
9284
750
3492
6351
9371
3963
1515
1714
5615
5272
8964
9676
3172
5425
426
4097
7013
5911
799
8011
3179
407
964
5212
2716
1847
5356
5352
6203
9995
8936
5329
7878
5242
7281
1998
2288
580
7644
3852
3138
5138
644
2189
3500
9542
2012
5521
8978
5410
1288
4496
498
8777
9703
8435
1464
9964
2603
8748
4727
467
2734
8952
8481
818
9454
5785
6588
2028
5523
1001
8052
7257
7488
8836
2439
9623
7894
9838
2854
6699
7559
7791
5774
2184
3967
2790
7524
461
7473
178
433
331
453
2031
7866
66
5808
5120
6199
7114
293
6917
3549
2278
5012
9060
9627
0
154
5935
8403
3507
3519
4562
5463
5995
2724
785
4919
6769
9108
5946
6494
4345
7308
7655
2049
6842
8226
8077
2197
3706
4691
3214
7906
1806
8505
7078
9020
3209
4741
5365
1474
1617
4201
4256
7667
9330
7737
1304
9916
6874
6782
7049
5212
2982
2899
7911
600
3465
5385
3254
2426
3743
80
2025
9424
1227
4374
7353
9137
627
3126
634
9560
7309
7731
206
3000
1322
5847
3524
7205
7391
2492
5911
9509
4304
4104
3421
3448
418
5970
2118
3616
742
9970
1172
3851
5026
3976
2577
5804
5601
6451
5990
9853
8315
9783
3231
7963
9878
3742
3327
8580
133
6043
5613
6925
8356
489
5386
189
8540
4390
3866
6003
9813
6044
1830
4324
4614
9961
4150
7397
9091
2177
720
9804
7259
551
7743
807
2938
5232
2222
4123
1186
2635
1617
6108
4042
2201
123
1891
3727
8986
2777
445
165
6686
8694
3792
8645
5104
5154
2586
7795
3237
4936
176
7607
4203
349
9903
2232
1029
8757
5885
2481
2955
5997
5813
8517
371
6113
5403
4129
2746
8061
8046
117
8004
2645
9950
5844
3649
5838
583
4793
9686
7868
604
2114
852
955
4616
9546
1019
2437
4065
5864
5762
4168
6392
9067
14
3534
159
9843
6521
6220
2272
4608
7356
5915
2673
323
5142
1589
3879
2676
2851
8656
7647
3774
1012
6369
8669
5473
9038
139
5696
9673
2975
4112
3790
7496
5432
6308
7484
5118
4733
5895
3571
5206
9374
9754
3946
9411
772
3418
3495
9182
1980
9639
5350
9263
2565
6404
6013
683
148
5026
5822
7804
7261
8110
6038
7012
8109
6640
2406
3046
3589
5222
6490
2617
4493
4596
295
3967
2206
932
6724
5332
3396
2146
8299
4887
225
2482
9198
9674
412
7968
1183
1289
2125
6968
2250
1607
7117
2056
7957
2760
1796
1686
9300
1698
9974
2723
7719
1211
2932
7818
7372
6065
2144
4788
7173
5032
7496
8740
243
7037
9169
1455
6398
2363
4493
6747
4112
7948
2012
4950
1980
9135
3774
4474
6108
8964
3428
3436
9123
41
2090
9817
8506
3368
6142
4250
6809
3110
1138
5629
4001
6212
3809
6011
2639
1043
9806
7989
9884
9756
8237
4621
6442
4981
5365
9328
1481
2598
8844
714
4249
8856
816
5206
7698
1919
2833
8581
6751
5004
8130
6020
4030
754
7052
9115
8824
4193
9603
7449
884
4695
5023
1814
9230
5743
2050
5900
7562
4961
5114
3387
2105
5881
1076
7774
4765
7215
8335
2983
4311
5019
5135
3809
965
8083
6718
6611
5287
7101
1612
2321
491
3755
5785
5763
8469
6696
9661
7605
3692
7602
7057
7796
5900
1984
7006
2302
2020
6208
9088
8106
124
4326
455
5017
3383
5753
8005
6631
9969
7550
2336
6967
5635
3136
1029
3730
9320
2644
7591
3971
8529
8768
8945
2964
475
6005
8748
2542
7008
443
6010
835
6205
1912
8503
1395
1175
209
8267
6005
7095
2389
2142
2147
792
8635
3746
3047
3291
118
4512
5499
4663
3414
529
8259
2235
2572
8790
1693
7758
1690
1142
7585
6506
8025
6763
6531
1413
8042
4283
9180
8355
6607
2848
6746
4476
2528
7317
5658
41
2071
6583
1012
5741
5712
5563
3560
1577
2427
802
5381
522
79
6805
87
9973
122
5247
4446
6720
9756
2038
9634
6588
4905
7812
2001
8237
2957
5911
5157
1691
5076
8165
7508
6080
4061
2832
1924
7827
5249
977
7140
20
4734
7241
3686
6101
1317
8469
705
6142
6023
8999
3796
1964
5767
4517
8235
8154
5814
7385
6333
9625
9024
5035
2518
2794
8595
9674
4755
6668
4971
1864
6385
2185
6911
2772
8125
2991
1328
9898
6017
8510
6444
8882
7457
663
8035
9665
4078
8827
9126
8686
7209
3802
9322
97
8954
403
1198
8009
9461
72
7609
8709
8896
9409
5629
6447
839
7908
9924
8925
2337
8318
810
8939
4690
6057
9978
6758
8201
9871
9939
3753
3580
4557
1588
1596
2468
7963
8008
2861
9632
8735
1580
8295
9793
8283
5807
3192
2747
338
2871
326
1473
4085
2859
9726
9262
2395
866
6189
3545
4916
3702
3912
6061
6913
8848
3829
1299
8676
4429
3385
7695
7002
523
274
9016
9844
8898
1459
6543
7541
382
6225
6189
9227
6540
7377
8556
982
5041
7833
4043
3092
6157
780
9622
7385
1238
363
8634
2015
2641
6392
88
306
8629
1010
9304
2317
6024
7383
7483
2613
8062
557
3804
5428
4768
8388
9980
8858
8492
6126
3858
3031
7716
1668
5630
3287
8195
9740
7454
8339
1612
2377
4921
5095
8452
9915
6670
6362
3612
1422
6682
5038
356
6027
2303
8506
687
6881
9888
9987
7924
7665
9102
9357
350
7474
6394
4537
3160
3696
7895
6018
9602
4040
2146
1264
1241
8286
3386
2818
1524
7517
6901
3747
6498
3580
8934
6782
1429
4391
4994
8932
2333
1284
2073
1682
6976
3091
2200
7968
768
7874
7095
1044
9178
7313
6220
7090
9757
647
3456
2942
3699
4737
839
2673
8954
4357
1313
1952
4372
2131
6290
7037
7077
651
7975
6098
3336
303
857
4129
6555
5031
1550
9157
4721
4887
1270
6660
3597
8579
594
1160
1282
1430
1925
8811
4373
4164
1032
2455
5903
5774
5459
1115
447
9351
4155
9174
2387
3187
9735
6598
9146
758
1971
462
2438
2236
8764
9801
7016
7068
8709
307
8261
1877
7605
2770
7034
428
9757
9340
2675
2727
3792
4620
2742
8474
1826
4448
1181
6011
309
3782
4959
1689
631
6547
2869
6143
7672
4520
9248
3332
4876
9372
9601
5436
5140
1834
4792
1666
7832
4639
5369
1905
3605
1338
7838
6706
296
1421
256
3638
5196
3228
5397
6214
1223
102
5900
5723
7136
1926
7332
8169
4820
3743
1881
8199
9892
5515
7524
9447
5388
2231
4952
6008
2156
1563
7265
2915
3700
7053
5515
4426
7699
8429
6550
7692
1212
7041
8268
5954
1632
3666
1429
9789
891
7950
6425
7138
6114
3613
8079
2849
5938
1219
1436
6293
8058
779
6773
1235
223
9756
2613
5623
3848
8130
1389
167
6690
1118
3577
3696
8639
1859
2648
152
2543
910
4941
6756
247
6769
5726
5432
2489
1788
5142
9856
196
845
5410
8664
3835
5888
3842
1277
6938
8133
4464
6575
9727
1047
4803
6220
8803
1522
3369
3809
9316
3671
7651
8240
6704
9524
2097
4690
6138
3586
454
9400
9145
3671
7092
5139
8513
8746
7516
2625
4575
5608
9102
9463
8227
123
9305
2233
8607
5507
60
9236
6309
9654
3930
1109
6165
5878
9638
4022
7184
6585
2083
5516
1085
7406
4673
6136
4975
65
9854
1004
8212
5896
7105
4197
8278
8339
6335
5401
5530
1928
8606
2676
2165
7402
5440
7363
6368
7339
2554
7192
8721
4453
3827
1455
4214
5117
6522
7749
9904
4004
9366
3244
5194
1816
944
4678
9011
7004
7049
380
5721
4098
2127
4474
9541
5819
1761
8139
5398
3489
258
5291
2751
422
9825
405
7670
5967
5590
4283
7681
3648
3740
9571
3294
5473
8460
1553
9948
5868
7015
1334
4159
2955
1301
7916
8095
1918
8532
2854
7482
5033
3317
6201
8783
5660
8326
5265
2941
8902
988
8338
4609
9999
9222
4010
7762
2564
59
2931
860
2732
1223
2967
7321
1998
7186
565
9961
1061
8080
862
1274
9361
1901
6559
4935
136
7940
924
7784
8831
2054
3402
5645
3468
2504
7280
858
9184
8410
7592
4117
5577
1594
4044
8348
4715
6545
8102
7726
9709
2557
5599
650
8601
6727
6216
1544
5993
6402
9030
2642
5307
4928
8934
3628
7873
5109
2198
3897
1134
641
700
9543
7174
6994
3418
4713
4518
9664
663
4909
660
9577
1239
8000
178
2511
5205
7260
3415
1834
5273
9558
3708
1625
7954
1003
6930
273
1578
1789
5726
3040
2020
1770
2212
5738
8556
8384
7173
676
1675
8943
796
347
1838
16
9868
3909
3200
7659
8996
6498
9152
3592
8919
1603
7131
4059
3249
2334
8635
82
6091
8248
6627
91
6908
602
6563
8491
5731
387
9195
6651
1329
304
2989
5985
7358
3972
1481
6341
6610
3062
6260
6735
1517
5841
9370
9646
9829
8613
9879
4499
7986
4959
8122
813
1135
6337
7708
6492
7961
1591
9750
2221
542
2250
5973
8578
4302
5086
7395
8532
780
3359
3050
4330
6446
3409
8903
4412
4048
3799
520
2984
9098
114
4340
2111
3033
9669
1451
3840
6281
6899
4670
7692
9034
1985
4404
7144
4873
2423
1321
7195
2546
9642
4117
3981
4206
537
8871
6530
4162
6837
2367
237
855
3603
5568
1383
6136
1821
4966
2149
191
9057
8931
5927
7466
6442
3386
3498
8826
9889
6132
1626
7837
8350
1971
6976
4528
2192
1416
9923
8296
309
4228
4761
2726
5458
5256
5100
8984
3512
4166
5856
1201
3770
2490
6092
6800
4325
1158
215
7052
8568
9158
8560
8337
6363
9311
2197
2560
6149
271
996
5940
2321
4813
8400
9037
5554
3229
1163
7247
2472
7230
7395
267
5023
4123
1637
1052
9238
3247
1418
9633
7673
6647
5775
4855
9763
3804
2542
7547
9561
5842
7863
1942
889
8130
8379
8268
5803
1402
3753
8341
3453
631
4854
7719
2908
7766
773
2526
5327
9119
6071
6402
7990
733
8198
3196
5098
5356
3834
4015
8033
2800
2076
3002
818
1389
1850
4866
4852
1988
690
8551
735
7655
2148
5695
3937
1348
9449
9566
5408
1329
3769
9996
7828
8891
6502
2528
3133
5891
6244
5447
7196
168
2853
6666
3095
5401
2924
3549
5283
8220
3281
2645
3138
9431
1682
3073
3874
8132
6835
6796
1604
7167
3030
1415
1463
5908
8216
6250
5120
1626
8202
471
6775
3908
3807
2824
6765
7477
2223
6114
3305
7553
8675
5999
1531
8456
9515
2900
3051
551
3296
7866
8484
2818
2086
8080
90
8341
1324
5367
1550
7842
2817
1537
7165
2010
2175
7696
3325
6833
8911
742
957
7386
4718
9209
8842
4618
3032
2326
4194
6549
871
694
8690
2
2173
4385
5264
1481
373
4351
3414
6166
6788
6104
8501
2081
545
335
3600
2484
5242
3806
802
3269
7307
5219
2569
3724
1104
5034
2742
8416
6254
5214
1079
5130
3321
4757
4855
8817
5071
9516
5967
4343
1824
313
2233
1429
1086
1616
7135
3650
3599
4178
3123
9618
240
8931
9787
8525
6757
6174
9671
4128
6271
3616
1352
954
2648
9214
1487
3996
1395
9887
4985
8510
8560
5178
5196
9654
2275
5730
4074
2653
6033
33
5626
2930
7572
9331
4661
2239
2337
9792
6817
1182
5860
3092
5194
718
5151
1418
3492
5290
5193
564
5522
7974
2971
5262
6180
3737
8128
4181
9548
318
6305
8159
5630
7491
8470
4105
8452
4581
7177
8764
4696
2935
8545
1080
3904
4804
6992
9232
8354
2556
8287
8598
3175
2486
5289
9859
5009
5624
9927
2277
560
3875
4429
5762
4769
3594
4562
6759
2030
283
7763
7224
2829
7446
9420
3008
2534
9889
1296
7782
8655
6698
7078
1355
7840
2016
1418
6679
4107
2316
446
8129
5367
7357
3712
4773
6188
8248
9796
6236
885
122
397
5500
2563
8808
626
2539
520
589
6436
5005
527
1635
3646
7387
9975
9032
6854
8025
2572
8459
685
4137
5370
4504
294
8653
4240
8393
2789
9039
2629
4447
6369
7544
2392
987
9327
4315
4819
3613
6829
9713
4594
8756
9359
9802
9354
3269
3094
9480
2751
1426
9093
994
9492
4158
5188
1701
6684
6613
1683
3848
7017
9202
9616
862
5782
4165
8190
9199
5543
4415
6222
2146
9423
3892
972
2131
6334
9010
6558
1082
9308
8913
3301
4171
1066
8168
8824
864
9380
9347
1497
8640
8447
4451
6895
8947
1488
3570
8366
2021
4096
6340
3488
7030
7469
6770
9232
6699
5610
4860
5
1013
800
9019
4348
2918
7224
1789
8091
36
3491
7604
3982
304
975
5407
443
6212
6386
822
4965
1822
3804
2275
912
9133
3525
2983
9982
5495
2477
6018
6443
1773
3746
2840
3409
1754
772
6581
5871
6872
5175
175
9974
6769
5824
5953
3145
5419
783
7763
5035
4600
3054
8805
4989
1322
5665
8448
7763
3536
1587
9057
5551
8869
9201
9552
1026
4463
4585
5813
3087
2090
7785
9344
4247
1612
1393
4669
6203
7613
6251
2800
8042
8548
927
2856
9705
5118
8694
6372
1921
4744
8213
9198
2594
1991
1831
4003
8835
588
8485
2357
3244
1280
6567
9107
2866
1187
5765
3359
9299
4551
5939
9744
8849
1807
5333
850
2339
3756
97
6714
5205
308
2004
83
9837
8698
1478
6798
3793
4424
8629
9096
9463
9209
5853
5877
3043
4238
1723
8075
3260
3637
7404
9143
3191
2701
3646
354
1745
7739
8482
8147
4876
9557
3249
6054
462
596
7239
6890
4909
6515
9392
1820
4029
6631
8766
1702
5488
4021
4251
2642
5226
5349
7926
2123
5658
2488
5839
4230
9149
2894
4532
2521
6308
3328
1634
6926
4984
2020
4037
6662
2473
7643
7751
4625
432
9587
9409
9975
9262
2923
551
4683
6317
3178
2336
6726
171
603
117
7285
1436
933
4446
1828
9089
9837
7503
5263
168
1220
1690
9522
9782
5328
176
7819
7902
1221
7567
3651
9136
9577
2550
4147
1797
6050
3335
6745
2960
2397
1055
5425
6944
2503
5893
7661
5631
3044
5618
6154
444
4036
6487
9988
7369
2818
2004
8315
8455
6076
5903
5956
5436
8490
1909
4331
3739
3266
4316
3068
8045
9388
230
7300
3753
2750
6456
3182
2267
3525
1416
9487
1822
86
5258
6272
9734
585
9334
2539
6435
6910
9656
3600
6403
2151
7534
5408
6196
1931
4689
7508
5210
2002
9356
8458
478
9369
4578
7579
2859
1843
9775
4726
8310
1443
1946
5376
4568
319
3407
1824
549
3998
8837
2493
3045
5661
5585
453
2861
6881
7701
9148
488
4815
5920
7994
9557
3164
3012
3036
4897
4412
6265
8184
829
3818
6683
671
4486
1421
7490
315
8415
6938
2927
5954
6488
3843
1987
3962
7236
3124
758
3174
9134
4303
1318
7702
3045
1106
4768
4187
8108
1872
917
2803
8630
243
7356
1993
1255
9998
6262
5366
3598
8961
8074
5427
7833
867
7437
2888
5299
761
8250
2214
1105
9078
1484
3722
905
1887
1558
88
5556
9953
4474
423
3208
7252
3687
8224
2519
358
7701
443
5154
3733
6792
3693
508
2367
4919
157
667
2427
6871
179
9041
2640
33
695
1795
3975
4743
8673
7245
2847
7159
6564
4720
3561
3797
2385
1030
9002
7464
523
9668
4667
155
582
5120
61
9706
697
2265
3216
3439
8596
8740
8618
3889
8409
6363
6178
8786
3721
6226
9076
9928
7696
899
1251
3285
9222
6377
1122
5776
9993
5800
6725
2497
1186
6813
8868
1879
9965
4490
3118
5225
5451
2138
8512
1421
953
3039
691
7192
4317
7196
9863
8235
1017
8474
9451
6796
5291
9215
9589
6812
3055
1319
729
8608
6573
5116
6530
1328
4971
9880
1945
2769
6521
2788
1940
3083
8364
6321
8660
959
6815
7605
9999
8286
6728
7081
517
2096
1553
7989
6453
585
6621
2652
162
3430
7000
6300
5730
5268
7801
4273
6766
5204
9218
3839
9381
4542
781
7570
8236
9525
9301
1258
1212
5806
2809
5681
8715
6642
8454
8169
6935
7326
5718
6918
480
4260
7624
8230
8709
8245
1645
4484
1841
8079
8921
8512
7421
2316
5092
8300
5131
4215
8557
4420
8038
7291
2294
1478
1402
6656
3518
3974
5918
4374
1384
6472
915
5437
6716
7720
4391
4650
9325
8459
1045
3683
7821
3080
6492
1909
4087
5969
5675
4189
9522
4417
6190
3776
3044
1332
2709
8697
1434
2601
6948
5556
1071
5948
8786
5552
6375
384
7993
3722
4313
7950
2809
3864
6251
2349
1124
8444
8106
2270
2373
4886
7257
741
3424
7086
27
5677
9721
3733
6641
957
3722
3075
1547
1797
6300
7133
5739
2993
3154
7064
4264
3678
7544
5350
6530
7631
2682
9799
9192
3922
1963
8976
1407
8653
2913
8603
90
4936
1160
3712
8419
4882
4085
1894
4293
4327
9863
8850
6699
8327
6548
8652
7036
2997
7578
7579
9297
7228
4612
2243
7740
5961
5971
9804
3161
5289
9112
522
9234
8438
8567
637
8478
882
6524
6620
3404
2250
1883
212
2111
2525
5003
7341
9219
65
9583
3011
2352
9407
190
8569
1646
7531
3765
7340
4721
8258
6129
9612
2393
5833
9980
8134
1042
355
9159
890
5990
9715
5081
8760
6511
4945
5124
1877
7158
8502
9511
9959
1990
7880
2759
8727
7961
174
8118
6621
1259
6753
8594
3475
5706
1008
6120
5531
5439
6322
1243
9253
5080
5855
9295
9767
9325
512
5409
8409
480
6566
22
7906
6844
9782
8476
2963
7037
8623
3260
8706
5384
5147
5029
9308
1293
8504
9071
4423
1189
2653
7153
1561
5015
6827
785
8435
583
4576
870
495
8118
4812
419
5328
4219
6149
1560
7452
9182
4093
5436
4115
4102
9101
3714
5157
4532
2431
3461
7749
5591
5796
2881
9844
9353
350
4044
4593
9134
261
150
1613
6837
6258
9076
19
8931
4901
2029
2432
3807
70
5961
8784
8280
4168
1060
3686
3832
7884
145
1361
3812
9006
5033
7705
1272
2749
6101
9894
3355
8322
5144
173
2259
9055
8373
1911
4644
6310
5950
2838
1076
602
6780
2505
4610
6893
2477
8427
2910
4861
2386
8102
1475
9074
2323
2197
6462
8495
3330
7508
4368
9496
3117
7024
2392
1652
2126
8396
7710
992
8179
1439
6061
1093
8521
9881
72
8420
5741
2547
5567
4677
4534
4370
9744
5555
9563
8214
8536
2246
754
4328
1749
9358
1325
5463
3648
458
5518
2149
3506
375
7610
4472
5386
1592
1056
3766
8892
592
6864
103
2962
8879
3214
9196
2918
2497
4161
5369
6919
3390
3855
5659
1744
5673
4131
3748
9375
13
7533
1450
5270
9682
4913
9776
6382
2582
6552
1215
2012
4559
8468
9807
3387
666
1001
5816
8510
2669
5112
7385
7260
3080
2877
2420
7980
8249
2627
108
880
5652
5885
3007
5442
3410
2783
7427
8737
3276
5033
1935
9049
1878
645
1280
4544
8799
2606
5741
9845
4287
4497
3977
4323
3783
9635
839
4679
1294
6753
247
953
8671
4450
7279
9500
3304
8683
2874
8643
2403
2432
9226
2757
8116
4334
3815
8319
4025
3555
5330
1138
249
1472
5235
7392
1316
6822
4651
2369
8262
9912
7362
9896
3992
3199
6294
2297
8843
86
2573
5451
1503
1152
3431
5993
8958
7187
7636
8059
7985
1372
4864
5092
9857
8763
8513
8172
9388
9814
9795
6101
9217
6097
4645
4043
331
632
3976
6903
212
2222
2119
819
714
3120
7886
1178
8805
1938
7657
8346
4635
9260
115
2975
3049
1665
7810
1184
6640
977
1614
6156
676
9502
298
6793
2863
8701
8967
5936
3783
8321
6887
360
7067
5343
7363
2259
1883
7272
9746
7272
4160
2285
6423
7218
7126
9529
5658
6675
6190
6476
4547
1263
7971
6645
5040
2126
8387
252
9944
5408
94
2357
5161
7798
5275
7969
9019
9174
5841
1197
9477
1216
9392
6053
5263
6497
5983
9762
7501
6007
7668
5577
4330
4311
95
989
2120
638
2996
8950
3449
1056
4327
4291
3771
1614
1024
4836
5843
4814
7857
6908
3398
2118
4722
7896
3319
3320
1832
4317
8589
9566
1763
2459
2693
558
7064
56
9822
8058
2237
1713
4204
7184
9285
7818
6228
4198
6763
6536
2604
4485
3245
1161
2785
7256
7523
551
4060
4120
9439
8690
3353
7159
7260
515
4556
8349
9763
5050
6478
6280
3781
3643
7940
7999
875
607
3358
3498
9998
5969
4299
7873
6551
5140
9903
1518
2056
8343
1808
1839
2843
3413
7298
915
583
9164
7727
2325
2303
2978
7979
6883
2589
5458
6713
1451
6079
7052
6437
7174
4081
6399
7097
3504
5163
7824
6768
2184
5897
5866
8309
1017
4592
8047
1381
685
7833
3154
5100
9140
6874
1262
7781
7162
8577
3424
6730
5567
3440
3507
2827
9244
1501
2010
1789
5710
5413
1861
6405
6192
8843
9165
1811
5379
7469
7679
8901
1942
9335
4370
9350
5669
1098
4865
9416
8647
6782
1785
8671
7292
6038
6037
4109
9236
9675
964
9734
4089
1177
1933
6607
9923
4337
9418
8633
7927
8718
1913
4881
6182
6672
6142
133
9723
7885
5907
1505
8134
27
7698
510
3828
6966
661
6719
3839
9239
958
1310
5471
4984
5629
6198
1468
3377
9115
7234
3519
6777
6368
7952
3827
2231
47
3782
3266
7781
5786
5263
1207
4090
8659
2838
6468
7312
6094
5081
1055
4842
7281
6853
8377
1616
6809
3789
5411
935
745
4791
3968
502
6666
4740
9618
1243
5223
5502
8119
3829
9794
4511
8266
5368
2441
6685
6937
6634
8992
7245
6845
8431
3368
114
9985
4210
1477
9038
97
4874
7973
6270
5622
901
4933
6752
524
6321
168
4072
4182
8915
4238
8186
3048
1042
9523
3844
6227
5943
1698
3017
4283
5048
3857
4198
5592
2867
6150
6413
7415
7361
9321
5995
9452
5355
8789
9755
6138
4506
7051
9040
141
5627
6062
5352
3658
1746
8018
9690
5941
3177
2482
4599
5205
1115
150
18
579
5750
8726
1450
5065
8787
4354
1722
3647
4356
2844
5666
1577
6804
8519
418
6683
8607
4960
2707
6090
6729
1112
8504
2121
1184
8291
9720
4360
5233
8465
7238
4867
2693
1852
9512
1343
4178
2360
1214
8694
725
2689
6936
2882
229
7000
883
2208
9403
8000
4592
256
1526
6988
1295
1595
8196
9987
7272
6059
1464
394
7719
9888
1296
8796
7049
2406
2116
3529
1308
4969
1349
1395
3434
4923
2343
6515
471
1045
3823
6742
5507
8507
8120
1265
6125
812
810
96
5447
3327
5130
5961
1474
8044
5539
1814
5359
2057
6153
2637
9492
2826
1406
8502
1830
1795
8297
6979
3778
4160
1791
6856
5113
6662
7608
1924
926
7177
9466
3048
2366
9553
1098
9175
5104
4670
6879
3020
6845
4013
8724
5228
7976
5182
1094
1520
7482
9717
373
1011
9652
2371
9697
242
5747
7533
5371
6740
8827
2893
6427
7927
9221
2641
4575
6091
2756
2498
7852
7756
3780
6686
7570
6294
261
2608
4859
9914
8822
2438
25
3240
3397
2065
5253
9650
2429
6949
8736
3217
5971
1294
6254
3707
5902
1658
4397
5366
9564
8618
8183
458
9560
452
4647
1459
218
917
3123
1605
4237
9133
2420
2113
1465
3402
4845
5796
5375
2281
7142
1019
1846
5691
8788
7004
9141
5987
8819
1311
7595
3942
3384
3029
2470
7436
7545
658
3651
1246
6515
1964
1456
4805
3476
4199
8653
1036
3388
6985
5000
3469
4811
6899
2096
701
4628
2315
3136
6975
3811
9453
4304
5168
5861
5705
1939
3775
3405
4320
2379
2653
2597
5302
9436
3185
9407
995
7805
7325
6678
1230
9439
6548
5906
2132
3854
6089
3106
4765
2697
2087
3843
4591
3473
9241
8514
428
7302
4405
5333
2049
802
7198
5093
8866
2744
2131
8764
8239
2006
8043
6247
865
4544
9671
2205
2446
3556
3108
2771
5348
8871
1553
5178
1348
8661
318
844
6709
9061
330
1318
3806
4975
7532
5620
9336
8443
1533
6972
7707
9278
593
6715
9673
6402
1636
3262
457
7269
3331
4364
8676
7083
7518
1665
7234
9155
9228
7553
4
2641
8397
5647
3593
4180
6988
7913
1815
5477
3707
3376
1528
9780
4723
5644
2500
6346
2910
9074
596
3509
9996
6295
3217
7768
5697
3029
8198
8411
5438
9653
2578
4655
3575
2819
5630
4999
2166
4554
1324
6557
6301
777
8988
5505
5733
5893
7372
8455
9157
5248
6543
8566
1839
2627
4047
9506
9521
5660
6687
5006
1513
8063
6877
1657
3728
3964
3040
7885
8022
6203
6801
2542
7692
7478
5833
2476
195
468
122
9576
7260
668
1159
4325
9431
3550
8084
4660
6787
5906
2200
6083
82
9715
1396
1410
6891
5759
9028
6237
5454
3326
7586
9329
4886
1822
6081
5442
4159
9881
1501
1825
3849
7656
8916
8591
4022
8361
1842
7503
8812
5866
4350
3300
3296
6162
9050
6637
1046
1843
567
7968
1395
420
2423
7231
3923
9232
6325
5080
3871
1998
6801
7599
6327
4645
831
7905
8871
940
1669
4863
2081
1675
8413
1274
4799
4673
8037
1288
6395
6731
4576
9582
1395
2745
952
2869
2772
1755
2543
7687
8984
4394
7974
7090
6390
1339
1895
2873
3092
7735
6493
9250
2399
4300
3392
8532
4180
1844
5217
9295
138
2234
6600
2741
4711
5553
7701
3553
6734
102
9400
7381
8270
9211
8251
8287
6061
6384
1006
5985
7984
8232
3067
4492
1538
2832
2570
958
3948
9698
1973
5836
3749
6372
1999
3342
1896
5813
8583
4165
6342
8189
2060
796
7834
504
9260
9493
6207
7529
3401
1937
5874
7942
3712
3875
6392
271
6566
7735
8984
4287
2582
1090
2748
4793
9620
3088
4886
6443
9887
6549
7761
176
487
4279
1828
4100
647
4332
7569
4296
5588
456
1455
3872
6560
769
623
1824
8892
9800
8511
6802
5088
6500
8978
4683
7987
3558
9589
3037
9777
1391
5690
11
6257
3592
5661
9950
2192
9255
4289
3145
2774
1618
5621
2508
8302
1773
8815
5690
4012
785
554
7168
4665
3533
5382
1191
3978
2781
969
3093
2279
2605
8759
3470
1861
6102
1713
6983
8434
3557
9929
5139
8803
3673
1805
294
9428
2339
3122
6355
7898
469
8903
153
9493
4937
3277
6337
4008
4310
640
7743
3784
4219
7434
2696
2512
5483
7552
457
5784
1881
6003
6109
8582
3368
4822
6607
1974
4915
2419
382
1082
722
2578
3971
9120
8503
2129
431
7709
8792
6950
5979
2033
9759
4413
3244
455
8913
6638
1816
2146
9231
2999
9326
3015
8767
2200
9237
9762
9578
3953
4701
4220
3952
7787
1384
5336
3325
1827
5992
4114
8038
7567
1385
7619
4134
7529
3618
1768
6769
1546
1041
9037
8481
3904
657
6435
4575
8021
2368
1152
7164
7495
7402
6142
4054
2394
3305
5542
8557
7465
4158
339
1601
4572
1363
7975
8021
5150
7316
5675
4827
9670
1505
6209
383
231
6242
6533
9959
9260
7053
4277
4911
1984
1024
4414
9860
2882
4906
8616
4679
6607
3606
2762
5844
2044
8863
3873
4747
4080
7365
6345
8957
1443
7326
8760
6078
545
2651
6795
8872
4622
4194
4794
4586
4686
8346
8391
1078
3810
4216
3285
7247
9073
1969
705
5514
6148
6610
8415
9679
9955
3370
7209
2321
1045
3221
6762
2107
1486
9556
1428
2873
5879
21
6124
3123
2838
681
4774
6749
9782
3225
8994
3162
9205
9748
2620
7814
7723
3832
8528
2105
151
1048
7754
5072
9618
6858
7374
7920
1295
4892
2795
6450
1709
4070
2198
5759
7801
8663
5669
6185
9908
1493
9271
9425
650
6732
4763
8974
7368
5491
8958
9618
9178
4274
2842
6549
980
3710
9464
5884
5842
2530
1344
4845
4032
9661
2702
1668
1710
5541
9141
2426
4765
2247
7605
4398
3632
910
2383
3326
3037
4012
8764
5004
6583
9618
4508
9974
9835
4411
729
3795
7147
2434
8043
4372
6852
6878
818
2093
6624
2967
2274
8178
5862
988
5804
1563
4724
9892
3399
4872
116
3507
316
5625
7350
3389
6269
9651
2487
4607
7311
9886
4410
3335
9309
5241
7589
8046
3472
985
6177
9291
6721
4267
7603
6595
4874
5783
9133
4820
4584
1361
4020
6507
781
5304
4801
1174
9934
663
54
7308
5919
340
7533
7893
4441
6881
924
5709
4075
8135
9730
350
6770
582
1749
4927
8381
2060
5463
6788
246
859
5278
3192
6124
8709
5995
9881
4906
1069
4182
7746
8444
9296
3147
363
5550
5764
5129
3112
7769
4809
9015
2756
9892
9524
4380
4925
8325
6799
3002
5754
3408
821
7118
3113
7600
8238
9630
2279
9990
6599
5252
725
9086
1360
3135
6762
9993
5720
912
7174
9170
1886
7295
9694
9803
1954
5361
7218
3506
1560
1489
1962
9494
9663
5559
9430
748
3406
6443
4037
7701
7856
3101
475
3965
6615
5663
7537
5304
770
2750
3973
2612
486
1006
9206
2020
5640
301
5228
394
9326
3393
9850
2504
835
1997
5631
6884
2726
2108
3269
1069
10
228
3009
3244
8132
8698
2726
6623
438
2729
6719
4895
5113
3912
4987
1914
6202
5018
8769
6501
3258
8689
4474
3701
9395
8293
4768
7100
8098
2641
2572
2949
4994
7511
970
5747
1976
6040
9628
6631
7579
6882
6234
523
9282
3754
9671
5270
563
2504
154
6245
7956
2131
418
2793
1077
4361
1180
8749
1690
2295
3570
7822
6204
2418
991
6080
9722
5843
2967
7981
8703
4026
3934
9450
3659
1400
629
1345
2892
2382
2798
9322
3218
3029
3214
1611
3867
8257
4725
4450
5323
3966
3949
6106
5698
9722
3543
4247
3459
1642
7562
8227
6790
7101
7301
7330
6695
2495
8253
8420
3056
2875
2318
1577
301
7527
3255
290
2074
8762
7509
3573
2360
2089
7006
960
3887
4710
5293
7774
3301
5879
3485
7259
6620
7007
7869
8250
7760
1615
6752
1860
7563
5265
144
8368
682
3370
2214
5958
2902
479
3110
6239
2086
8039
3684
7596
1738
8900
3956
6322
7399
5927
3736
7234
2589
8941
1695
9987
2774
8913
7438
4670
3012
858
9613
439
7312
7189
1957
3908
5522
1413
8312
9812
6595
8035
7115
5076
5468
8251
5648
8810
4449
2616
4404
5005
9037
1238
2345
1741
2351
9270
4524
552
2039
447
4582
2291
8384
4271
5961
1286
2645
3059
7329
7892
174
3535
9662
629
3743
3880
4738
3035
8703
1259
7333
7057
3064
6706
6366
4386
2424
3948
3409
9461
1763
6272
524
3046
3586
835
3230
3272
4596
2998
8536
1810
1188
4142
2459
6450
7376
5268
6205
7787
7476
5176
5289
6933
9860
6464
1268
3211
7385
4739
1471
5659
4738
6485
8136
9818
2863
8811
4709
1760
5881
9973
3698
4626
6466
2998
7451
9011
1521
5978
489
7473
1159
1722
9626
5171
520
6282
6002
3165
5721
614
1359
8279
2396
2115
9440
3584
7680
3108
2203
6537
4265
1489
9698
7615
8184
4691
1938
866
373
1869
846
9233
5728
808
454
1733
2369
5416
3937
6601
8143
6875
6781
4373
993
6526
6389
7552
4775
1396
9791
8973
2341
3891
2762
9270
3250
5651
5612
4957
4365
1804
3201
2558
7751
5932
9301
939
1786
7950
8343
3523
8227
6805
801
4475
62
7386
1967
8029
2426
6381
7743
8194
1602
4957
5194
6788
5188
7052
102
1422
9865
867
8500
1415
1903
7698
4280
8892
9524
6629
363
4324
5545
5820
6623
654
3356
1122
3797
7793
9205
575
8933
9768
9017
8985
4599
71
8527
211
1012
6901
1371
6074
7566
8859
970
9849
7760
3420
8532
9200
9496
5035
1300
8114
885
7073
2295
9890
239
1958
5241
3578
7762
6885
6099
4381
5614
8216
5681
4491
2464
6344
6213
4585
8451
4156
8363
7784
6524
6497
4281
7250
6575
5069
6463
5817
9453
3043
1914
1037
9000
6348
5979
1849
1566
4040
478
3746
4136
8510
6335
7699
4137
7315
1745
4421
6288
2403
3126
9590
4440
9184
7580
7541
9243
7461
2406
641
5707
8584
9314
9057
8232
8360
8439
983
4537
3215
9976
6466
4053
7926
9331
8988
811
6800
5048
7671
5651
6644
7447
9565
7629
9054
9906
5853
9937
1618
4036
8027
1334
2476
4603
65
138
339
9978
486
4138
2558
9176
3795
6466
7114
7051
4255
4404
514
5121
6211
5399
2491
6664
4242
2125
125
1217
3315
6359
8558
5433
3805
9621
2820
4347
8749
7075
5447
9546
1051
16
7568
8497
6450
1424
6897
2304
4045
8518
4707
7584
9911
6037
5243
1780
917
4045
5295
283
5251
4460
8659
7981
3335
1243
92
7516
7841
159
6025
1449
4333
5425
4772
5763
4694
2150
7267
7710
3949
5474
472
1870
7352
9566
9507
4471
8672
2253
1271
7505
2510
3918
1897
1004
3163
2555
2702
3934
76
365
4471
1609
5224
1134
7912
280
923
1771
8873
7581
7504
5859
550
927
9039
1839
1312
4592
1904
3530
5998
233
5308
6113
597
4903
5167
6384
5049
5221
2653
2134
6605
6321
6628
1848
6625
9403
4759
2542
7023
2314
1594
564
8637
3413
3111
7411
2733
193
6344
235
8597
597
9569
4611
4671
6787
3213
5319
8079
8246
4204
9476
7536
3514
6738
5122
7621
7613
632
7580
8173
5266
4351
5324
1190
8391
3554
6895
9009
23
7590
474
1792
5820
5754
8136
9367
8611
2301
7504
2338
1070
4252
4571
35
6512
8811
2780
8369
8084
7873
5090
8922
2147
5557
7760
1737
2533
919
6815
8160
8546
2127
765
6841
1048
207
6055
5509
7810
216
4923
3533
1395
5176
8876
5404
292
3442
4826
3278
6761
3299
5094
7507
2900
9538
6923
7678
9810
5529
1961
3111
3442
854
1203
973
4666
8991
6352
2246
431
1679
4200
589
7511
6671
6725
6842
245
3342
5865
2376
8929
6301
8658
7796
6086
574
5330
9599
3692
3193
239
6303
5628
5110
3130
7312
6126
4223
6108
2290
6772
4999
9884
6200
1744
2714
1434
5316
3435
608
4013
2494
8284
6432
9622
5785
5773
790
3508
3070
1846
3422
26
6822
1756
5199
9295
7317
6266
2914
4480
9666
9513
1222
239
9891
6403
1028
3908
7931
2360
6506
2322
948
8510
3497
8830
8587
914
561
7035
2958
3335
139
28
9
9232
1414
6527
5705
129
8308
8179
9952
4356
5778
5541
3574
2226
5041
3739
8799
1209
3740
2686
1719
7347
137
856
5933
7239
1416
6079
233
8310
4894
1625
9587
3721
7565
893
7891
2295
3718
9450
3027
3151
2638
8863
9600
9327
8350
2810
2406
4626
1231
2265
4135
3163
6921
3231
4158
1633
1428
7441
1271
212
2574
3732
2274
9158
7003
5372
9913
4692
8864
6545
8310
9541
960
9368
1324
648
1686
1404
9481
8966
1391
2397
4054
4030
9931
8178
2702
9025
3126
9097
9665
467
9617
147
4905
259
1145
16
867
6927
8711
6710
2508
7090
4239
8104
6154
7900
2375
6802
5371
6056
9899
14
7542
9293
850
6833
3103
1773
3888
7236
528
5683
4728
9411
4052
7528
499
4616
7838
9102
4810
1656
9860
9918
1962
6287
1109
13
6301
4388
903
9455
7976
1558
7061
3645
9553
5978
485
1547
8843
5802
7302
7350
2087
7154
8140
4769
8193
3872
3333
7142
9130
5543
4881
5840
3753
6100
881
4084
2370
1254
5756
3214
7158
9402
145
3696
9190
7269
7562
3712
6273
8536
1065
4035
7066
953
2070
9094
5995
5053
5208
611
400
5455
7603
1995
6025
3978
8384
8823
9473
2302
4330
3135
6578
757
582
7048
3778
8963
1124
4218
5512
3517
2334
6077
4439
7686
4335
3436
2841
8170
9105
3041
2946
4379
1323
2988
1131
6402
7817
502
5945
8847
4116
532
2735
9095
2100
3865
8289
148
1036
8980
7346
202
5377
2791
9096
3383
6641
1554
5862
8635
3382
4749
8031
6686
2846
1518
9018
8192
217
1399
1534
9723
6565
8490
1770
8064
4544
948
1232
7471
1727
5765
6914
8969
5015
2158
9257
5581
6023
5548
3907
2434
6543
8161
7687
6106
5228
1515
1369
3292
1517
749
1859
4884
455
623
4246
7902
2561
8304
9749
4365
6192
8577
9111
3153
5931
3026
2181
8177
9471
5864
3569
3786
7171
5634
1060
6209
3022
3776
8260
8067
3102
8189
5376
1508
7762
2338
2418
4352
6778
8221
7199
2781
2478
4540
6482
3594
4477
9809
2386
8783
1041
3806
7711
5315
6359
9780
3242
3382
20
4100
7309
7090
4865
9706
2839
2603
2030
4590
13
83
7486
6841
3242
7414
2683
3284
9628
5674
2978
9678
2354
8576
1480
6548
6490
712
2643
6286
6613
2310
9499
3920
5327
1435
767
6083
9264
8105
9238
146
4502
8601
825
8226
6436
2431
4450
8831
107
8857
6543
2266
5749
4655
342
4638
884
9902
9433
9237
4676
3950
6965
3440
2464
9469
6889
3849
8390
8489
1169
2341
1875
668
7456
940
9316
701
4958
3976
5827
8732
2365
1860
3128
4893
608
2014
8718
6713
4942
8940
8398
6015
5396
7271
8865
140
1992
8724
9644
866
1283
6341
3921
3216
3754
7113
5987
5524
7419
7175
8956
1556
1536
2099
153
5292
5807
8510
3186
9037
4623
2243
5044
5948
2986
2560
3819
8771
572
1566
7605
7589
3081
2900
7998
766
5482
4016
2212
4857
71
1931
6315
1290
3346
3172
8309
9834
9630
4865
3880
1499
6095
5359
9519
6404
3390
9634
7406
5347
8418
6821
3963
7359
977
4623
9311
9339
3974
8136
7996
8044
7673
8673
2283
9143
2096
1518
8108
2835
8057
238
312
623
6580
9189
8202
3224
8470
5124
4652
5312
666
3467
1984
8822
3668
4721
5689
2878
4820
1743
2676
5047
5499
9148
4194
5614
6400
2017
4810
3802
3968
2212
7944
2499
2829
7144
5288
5920
3535
7610
2176
2855
2360
8462
3473
6681
0
8277
4855
2159
9042
1967
2513
8170
5831
3300
240
5031
992
2692
6632
4781
4268
9305
6709
2944
3558
5465
1621
646
5087
5749
7342
6702
1503
2694
8238
292
7341
6001
4209
6210
6783
2369
772
6290
6952
8657
9869
2591
1035
1907
5463
215
9503
5984
2039
175
4378
6048
6036
5684
1067
8911
9909
8409
4620
9426
6051
4771
2444
489
3096
6227
3481
7010
316
1584
4646
2217
6690
3906
8929
8060
73
9295
5981
168
8388
9969
5228
1765
9195
9416
3597
317
6183
3152
4809
5241
1110
4599
4826
4988
7587
1986
8556
7029
8691
8761
6185
4830
3867
7038
3611
1783
1831
817
390
3243
5260
3334
303
4289
9927
808
4225
2670
5662
3016
2301
3494
9005
9722
2626
4652
7750
766
6589
9711
5716
6787
6827
8085
2022
7045
2368
640
2913
528
6916
2571
5733
6672
490
4409
4061
2383
1667
6290
194
2789
7515
258
6180
4157
984
301
7429
8758
1003
58
3568
3115
8809
3695
9640
3018
5141
6322
7019
989
6865
6498
7485
4443
8297
4861
5770
5704
2056
9751
5623
8252
6616
2766
1893
7093
2902
4684
6517
4986
251
4868
9373
411
2844
5380
5961
7623
1334
4347
2584
3922
782
1863
6318
4338
5286
5646
1405
9352
1680
3016
5938
6969
9570
368
2683
6498
2618
1235
5732
7721
6486
9301
291
5788
2110
3250
6386
9146
9115
6253
8491
5065
3066
4012
2186
4937
2003
1851
5833
9401
2232
3069
9927
1579
703
7968
9331
5221
1476
5338
3894
3397
6755
5952
1108
2530
8748
698
379
6028
7229
4300
2282
1527
9093
9304
7718
5881
412
3973
1278
2401
8550
2050
326
5588
1754
1980
6320
9594
6289
8079
7698
8025
6671
6426
4318
4321
2853
3773
1859
3911
9301
8665
875
1641
4836
122
9244
534
8823
742
8653
854
8862
7894
5469
1657
7437
8768
3805
536
216
2514
3990
1116
6602
5408
2715
1975
3974
3075
2111
5173
645
7139
3776
7314
8979
2382
320
1152
9330
4444
1406
1193
7531
7460
3437
2396
3491
5600
2068
7161
6126
2424
4544
2088
347
7238
4482
2662
5101
8134
5179
978
7569
7326
8786
8887
7542
5544
7755
6548
7734
8738
1850
4259
301
2171
8711
3653
7243
4088
8487
2872
2467
3576
3336
9187
6320
4979
775
1642
9163
4296
5768
5809
9179
1336
223
2484
998
5121
137
2257
5982
8984
6
8284
2036
6143
1324
307
660
6142
6995
3976
1639
7481
6318
905
1232
1993
5812
6487
8023
2110
9646
4511
1693
2989
9627
9865
3888
7690
8852
3201
7095
5064
4938
4364
6968
6826
8503
4557
5908
2414
46
778
859
7657
3696
9889
6272
6011
9465
3812
3969
9209
6543
1835
5240
7506
8980
783
6947
8400
1619
8861
2601
6702
8594
4442
1441
8134
8831
6714
3407
3246
3074
1190
5533
8387
4705
9365
5791
5706
2340
8505
3710
4697
5554
4477
3171
3709
6411
7835
1720
981
8509
936
2465
1289
2140
1782
9154
6083
8888
8493
2391
2114
1459
6833
5123
5978
4884
2049
8477
9766
3373
5454
4872
6035
3033
5616
3865
8720
4417
3815
7680
257
470
3511
7524
4202
4801
3952
8905
6923
2406
8802
3961
1582
9990
1639
1518
2523
5848
1563
1045
8465
9914
3777
4987
8421
3002
1961
5035
5154
568
1571
1848
7155
357
5725
4414
1631
5198
8301
4836
7776
1918
2034
6642
1744
4825
2957
9903
2158
7571
6355
4414
7738
314
3547
2992
6683
44
3289
534
820
727
6354
914
6211
6453
6938
3006
5897
5186
9936
9178
9765
2910
8857
4443
1171
7958
5155
2126
9824
3155
6109
2387
5748
9014
5024
3221
9653
4707
4483
9662
916
4759
674
5852
5585
8497
4392
6334
3275
6189
2203
7492
3658
467
9508
7408
364
4178
5724
2568
2525
6105
668
2838
1964
4133
384
1900
7061
1405
79
8975
2728
4743
1654
9044
9567
6209
3379
3030
4319
8044
9662
6416
7993
8429
9582
4678
7693
534
3881
6516
3090
111
1444
1389
8728
7558
7944
6140
8916
8816
1303
6588
2827
5688
882
3897
3588
313
9912
2252
6681
332
3569
3908
9718
1040
8320
47
7852
8298
1674
1026
6432
1315
5337
7595
5334
7528
8893
5433
7391
2783
5613
8984
6763
8744
6765
6959
1731
6066
5883
1120
435
6223
9854
1991
7327
7094
9407
13
2799
7426
7584
8296
8304
3093
1150
3621
4592
3724
6519
5643
1207
1718
8740
321
1267
6917
9384
2545
6739
9282
6735
4643
5899
8806
9597
1995
6491
6590
4256
4343
5212
3524
2627
1533
6566
3328
8507
5429
1907
4856
7940
5503
2518
4495
9228
4235
8946
3276
7844
9849
2524
4855
1625
8155
3957
9934
2010
2305
8195
9883
7804
9123
4427
7308
8964
3326
4937
4185
9265
6457
6849
8752
8331
5609
6298
858
5479
8152
5481
1674
132
2568
9181
7787
6091
2243
8881
1559
9912
8602
9371
9329
6800
2318
4891
6568
995
6510
9263
4384
1435
3799
7223
4946
7651
9912
2224
4318
5288
90
9322
9956
5467
1019
493
6716
7219
181
3655
9567
7710
6605
6036
3441
597
1826
7109
631
8970
7538
6267
3981
5594
6892
5646
9765
9873
9715
9059
7551
7889
7969
3888
5671
9154
6759
3942
9933
1308
7860
7794
121
1877
7322
8923
3537
4445
6040
1088
7324
5091
2350
4819
1641
3803
8692
8613
3915
4716
164
1541
303
8494
1416
2264
4290
9942
9705
3222
3918
4034
6222
7670
8497
3930
4789
1618
2891
5277
6898
2289
2436
2111
4743
9687
4410
1021
9356
8077
2575
1865
9246
9763
9788
5332
6070
4397
9912
9868
7748
3244
4355
3120
6189
9332
420
5909
6315
1196
8381
6
5443
70
1684
4446
7238
7804
9995
9025
2428
5514
7977
7708
9278
1063
3588
9195
392
6792
8483
6622
8881
7648
9666
3498
6095
3828
5903
8356
5225
1351
4644
6311
9880
8635
5170
1770
4449
7021
1538
2822
3519
8500
4501
4561
906
4404
5055
5475
4970
4714
3507
8391
5809
8815
7032
4981
1621
5028
5587
791
6109
8037
721
5933
6132
481
4350
5122
8955
7372
4890
9568
1485
9780
6258
2394
9597
7260
1211
8706
4327
6880
4255
1218
3076
372
918
2420
8220
9946
9577
4693
2561
7596
9213
460
896
2346
1492
5511
9668
4832
8387
9979
2112
8843
7179
3064
4633
5004
3145
9605
1224
2660
6484
8853
6678
2205
4101
8379
6058
1566
8779
8980
7423
7400
7927
9622
7201
3656
1644
5019
2698
7577
5127
2256
4298
5995
3605
7042
606
2787
8919
4614
3469
1773
5646
5108
6186
7969
1193
8295
7435
4155
8738
7983
5535
8979
4028
2084
2462
7471
7091
401
4731
4742
7744
8491
8734
8925
9372
2641
1411
9930
8966
7940
3227
6483
2603
8710
9362
5096
4668
8147
6725
1096
5980
1926
8972
3662
689
8730
9042
3934
4324
9193
8888
7682
5682
3590
9083
1786
3402
7744
6740
6801
3987
6096
8820
6298
1837
654
9282
7305
3386
4621
2804
5203
6843
9909
4793
705
6243
8462
7302
6217
3496
8314
3102
3735
4975
6686
5666
6760
9787
4033
1080
4205
5357
4942
9038
5166
2168
4058
3952
9614
3621
7776
3982
1545
8822
5381
5282
7933
5831
6484
1161
8969
393
5166
983
2475
516
5055
1641
8135
382
3717
5201
5268
8022
9227
9945
1174
9959
6513
8429
5847
2581
6210
5436
2771
4402
4119
696
4869
5555
5099
6154
9265
889
1246
5189
4477
838
533
1685
8875
9886
8765
154
9820
5901
4629
4184
8743
4838
4942
9438
8644
4441
4727
9139
6929
7396
4709
4504
8370
9124
6996
9986
47
7914
8240
3292
2576
5385
8434
3176
9693
3438
2625
3765
1281
9784
2296
2787
3328
7904
2948
2494
1973
8862
4500
6293
7788
1786
1526
1136
767
7010
1042
5591
6079
916
6631
6154
5625
4293
8960
9875
622
6697
4463
9628
6046
7735
5888
9478
8612
2442
671
1519
6138
2019
5743
2263
7665
3059
206
6225
490
8095
575
6685
2390
7822
6805
8787
4757
658
1122
8106
5088
8437
5885
8598
5370
7991
1116
7480
6207
7137
7141
960
5290
126
2870
4004
2741
2045
5630
9348
5212
3821
4191
5826
5223
9503
2649
3730
2141
5318
9156
5439
6486
5628
167
2790
9750
4364
7786
8827
7847
1788
5130
413
7434
5462
2165
9996
886
1254
2403
9278
7479
4843
9040
4971
5478
6736
7658
6914
2248
4125
1437
1872
7244
1030
3983
2068
5814
4139
4337
6161
89
5515
8507
1738
6943
4895
1947
2675
1985
3717
7827
1721
2845
177
6612
8530
4667
9666
3540
6032
5603
7720
1896
3512
403
3277
1637
3042
5702
8475
4885
7049
1507
7479
2091
8678
9564
910
5238
3365
752
4319
7387
9562
509
8851
1031
8923
3354
9771
1313
1409
5053
3811
3934
8756
3687
9468
1786
558
8954
5306
8762
780
2395
90
4005
8980
9929
5132
4926
9707
2061
3642
2721
5611
6447
4057
9847
4640
2107
4323
4917
9368
4519
1945
6843
6975
6072
250
6673
1700
6892
4744
2555
7682
6955
4724
529
9014
1565
4349
1432
5594
8761
4298
2108
7845
9048
9799
7323
793
4941
3353
7310
8105
262
788
4715
9692
6863
7412
3853
2277
9506
6974
4652
917
8004
9931
3452
892
9406
9046
2876
3602
2005
9772
3437
7154
7251
43
230
2176
5271
9109
9078
6052
4638
7895
7866
4266
7263
3968
422
5818
4840
2657
2281
798
4164
2151
9930
2085
4797
4420
7745
9919
4065
5756
9694
7584
1174
371
6137
8820
4353
8026
9533
2750
2362
1990
6744
74
4447
6747
9748
5072
873
5832
1047
1589
9563
8927
4834
7545
3010
3912
56
1781
3661
3988
6934
9080
5255
2130
4200
4050
2236
5185
320
2217
9265
7737
8351
7191
8133
1481
695
5994
9910
9314
6981
816
6033
4617
5608
4323
3251
5232
7023
7398
3778
8591
4764
2734
3883
9078
8455
5041
1206
1274
1519
8818
3552
3021
5157
7574
9657
392
9355
4245
5458
2596
1073
1069
7804
8607
9619
8689
1168
8882
9226
8392
1993
4909
9317
8523
9536
6541
3609
5878
1738
2054
248
5630
9569
8717
6515
8741
3539
2282
3275
4182
1621
2248
6319
4314
8701
6025
4014
5748
3863
9180
3271
4724
3293
845
8736
5560
3410
3059
3330
3108
935
321
1770
5317
4053
971
2578
9954
1565
5117
8186
359
4977
4818
7256
8693
1848
951
8069
1564
7403
7792
6961
2128
5400
703
1149
4833
8561
4538
1038
3798
3485
371
3092
3497
4900
5972
715
900
9349
1119
7233
1510
8963
2232
2011
7839
1855
2133
8049
7775
6827
9750
6961
2039
6592
1519
5147
4452
5533
902
3198
6095
5101
4956
9070
4610
2421
7228
4428
2874
5412
4350
2699
7055
767
9697
6834
2675
9526
1199
4555
8714
8656
1983
8962
4031
6025
1906
2765
7392
499
5238
5109
2276
8472
4757
1014
286
3102
5343
4765
2459
2753
805
239
6087
704
6097
3145
5725
9047
3368
2380
1029
5905
4337
350
744
6558
3384
4959
1736
5890
5453
9195
4313
1707
337
7791
218
5862
290
4239
7710
2920
995
5605
8866
4106
6897
7071
7919
7688
667
2864
5799
5592
3105
5370
5315
71
4226
9583
3423
3535
8419
5797
1921
9288
6611
9428
5530
818
6188
3244
6831
2581
5036
3876
817
5706
9541
1489
7900
8001
7638
8746
3158
8746
7052
2791
1313
5290
5792
1873
1487
291
6628
6463
3123
5509
9806
3213
4642
541
8577
8968
9362
2600
238
1184
9021
6520
1354
567
3831
2515
9557
1519
9408
2917
5937
6076
5169
8109
1365
7418
5805
6182
7338
9742
7300
433
6923
2304
1645
3814
4193
6812
9858
9607
1196
8948
1213
3237
9941
6805
7702
933
3143
1279
6643
7188
1542
6043
1107
4413
7492
7645
7340
5029
4227
9469
749
8331
7702
6828
7167
1896
3243
4305
4070
71
2368
596
7269
98
6089
575
2134
9832
9773
9085
4868
9684
1195
6035
8576
5397
7821
7793
883
7591
1541
5563
4745
8631
9084
7487
1741
7280
4184
7521
7629
6871
3175
799
3209
3284
9168
2162
9689
4857
1192
1808
6614
7581
3796
9586
2183
5392
9440
7394
303
7194
746
7312
6089
9372
2174
1660
1679
4952
992
9993
7224
8370
5581
7195
7683
7802
5026
6307
4676
5421
7730
9485
4062
9615
8344
582
4123
2185
1710
3251
6284
7869
9677
9169
171
3140
1702
2007
7435
6151
2943
4129
4289
9985
4183
4621
971
6865
6398
9247
7455
1901
9010
5176
8659
1093
4961
5933
9110
9843
7611
4917
6573
4986
4190
9040
6525
5524
7991
7574
4478
4630
6885
5131
1179
8261
8798
1839
6474
3783
5798
8253
1247
5334
7167
7312
3239
1404
8415
736
1812
4033
7573
2672
8725
8387
2309
9074
6886
6062
1414
7392
6661
5415
2017
7408
9854
7446
9554
767
4711
6341
925
3677
1438
9616
2554
4552
6640
4025
4151
5943
6778
9847
5816
8001
5344
8024
883
8958
5743
1685
9359
6587
2089
6063
7158
3494
3064
8555
4475
8205
9808
3690
2561
3488
7389
6202
1962
3139
824
9035
6812
8522
875
2122
9189
6577
1830
2093
4728
1704
3402
2664
5694
4978
1487
427
531
5463
8022
952
9569
66
8499
5728
4973
315
6737
1295
9326
6746
500
8122
1265
4131
8214
8263
8507
3735
6621
7664
8285
1944
1538
1064
2728
8184
9073
4908
2031
8844
2597
6414
1416
8101
1613
4985
8810
989
2208
5553
8943
8836
5236
2094
6128
2277
7586
3566
2389
2450
3938
3825
9764
6717
1252
1682
5673
1226
5922
7222
8004
9039
3985
5710
2260
9131
8075
1011
6509
8580
920
6279
1181
7514
4083
888
9794
3985
2392
9039
3595
3822
9032
7307
7800
8762
3630
5502
9608
4630
5842
7656
8521
239
9898
7670
7588
6776
1395
7255
189
6944
6190
2121
698
2880
2694
6080
8958
1963
3074
1725
7868
45
5921
625
598
2309
2798
5638
8944
3032
3735
2827
7156
6838
2243
755
6228
5678
8664
457
2055
7759
1841
271
7146
6880
2941
5896
9638
3272
2047
7523
5264
9895
7642
2712
7590
1370
1477
5781
9382
6280
6473
1945
3256
7349
3301
7134
2929
8237
2048
2524
7301
68
9008
6158
8392
5665
5035
2719
707
4486
1132
6515
3998
6699
8991
2050
3579
530
9044
1150
2380
3038
6262
5571
6723
825
4414
9254
3453
3832
2784
4924
9502
2320
5448
5651
6226
4440
2147
3101
9914
9359
1486
781
6777
8824
1766
2311
5391
8238
2084
1935
2115
6891
6515
6877
5285
5769
7164
8910
2163
557
7670
5565
8525
6911
7341
9749
4577
4819
7524
273
2410
8998
6035
4726
9639
2645
2516
485
1029
2597
7451
9247
4944
4948
219
5403
4273
1551
7051
8824
2107
9443
8062
8179
920
7225
3600
1786
222
4680
4111
9154
1773
4518
4403
7902
3293
8033
2779
7520
1319
9656
7821
3565
1370
8942
806
3323
8894
2326
9684
6708
7612
1190
1370
4213
2827
7175
2680
7123
6004
515
6667
3859
3536
2218
347
330
6953
6325
1830
1455
4063
4203
9750
5681
502
8837
5519
4200
9011
3453
9451
1845
9367
5397
5046
7205
5372
3243
1877
5345
6539
2287
6388
7713
1209
1241
1687
319
4680
810
1927
3052
688
3050
4230
150
7020
8934
1285
4244
6415
401
709
4154
2012
2285
3086
9678
2570
9023
9144
4964
6436
781
8023
5756
4806
3742
2738
4793
4215
9702
6050
3936
5396
832
9749
1237
636
6468
3080
6079
4600
176
1465
5769
4226
6930
5017
2517
1725
2261
7391
608
1003
7461
9494
9756
1872
7554
9241
2112
8324
1622
8147
7226
6819
8291
7842
1361
8058
2716
4802
4995
1040
5230
9553
5105
1317
5993
7396
6858
6331
4395
1295
2727
9464
6818
4016
5718
1005
1354
5795
7392
8628
3573
5882
672
2160
3072
1152
2047
7454
6598
2638
7714
1965
9882
1319
3435
307
6941
7801
8472
1468
2598
6603
9782
669
1228
4715
3893
7884
2328
5788
329
1946
1424
5872
2286
3855
3011
3985
7371
5412
785
934
3644
9634
9228
2803
3960
7521
9785
1327
4649
1708
4317
1943
2948
1311
8304
1749
1289
3793
6339
3831
5522
9132
2881
1438
8483
8712
1927
5368
9906
6406
297
562
8644
2113
562
3418
3382
8675
1301
9581
3584
1515
4316
3129
3310
6636
752
1925
6679
6648
592
687
5294
6411
2974
2845
4709
9571
7913
4601
9170
4757
3609
9794
1281
5548
7292
2135
5974
1464
1762
2174
6261
8140
4216
